Amax	Ssigma_avg	Serror	Ksigma2_avg	Kerror	omega_avg	werror
10	-0.054951	0.032138	0.290632	0.051765	0.176229	0.002616
20	0.194231	0.023815	-0.005603	0.055898	0.212984	0.002555
30	0.280382	0.028374	-0.065815	0.078054	0.253592	0.004258
40	0.374015	0.034365	0.010695	0.082279	0.290770	0.004746
50	0.385988	0.027095	-0.001062	0.128386	0.307807	0.006124
60	0.463243	0.027324	0.060028	0.099970	0.341676	0.007615
70	0.508794	0.021927	-0.156106	0.130882	0.375369	0.003107
80	0.538917	0.033318	0.033421	0.149235	0.385384	0.008149
90	0.613121	0.043014	0.227504	0.221433	0.398575	0.006700
