1.000000000000000000e+01 5.715107572877079489e-01 9.803579720697768174e-01 9.921500317864005714e-03 1.330217361224399264e+00
1.100000000000000000e+01 5.973284457907378497e-01 1.032617422432892340e+00 1.085204438800499438e-02 1.408943356866364960e+00
1.200000000000000000e+01 8.309852865740672279e-01 1.412970391007707827e+00 5.104960774031286341e-02 1.897297238770072392e+00
1.300000000000000000e+01 7.536860318838366490e-01 1.287590192500277064e+00 2.524794077310748078e-02 1.738546522143739947e+00
1.400000000000000000e+01 8.472816589982604674e-01 1.463210773509949991e+00 2.738507872312398103e-02 1.996981101354023513e+00
1.500000000000000000e+01 7.549214547290428179e-01 1.423233637598909862e+00 5.133829499083587822e-02 2.033462973300523391e+00
1.600000000000000000e+01 9.371643082479680364e-01 1.716615828179770098e+00 3.297797009527073109e-02 2.402762546006842470e+00
1.700000000000000000e+01 1.076106999389742080e+00 1.888676548844780312e+00 7.540107431761637613e-02 2.588190836610527512e+00
1.800000000000000000e+01 1.387947645678530018e+00 2.297454622934446800e+00 5.016655540989287121e-02 3.033338068542305255e+00
1.900000000000000000e+01 1.164059530674492304e+00 2.149083762384150553e+00 2.439204711686649221e-02 3.009757146749509893e+00
2.000000000000000000e+01 1.371700555899366902e+00 2.511471964001149804e+00 1.577801761249522650e-02 3.493969639129495430e+00
2.100000000000000000e+01 1.627554401861562638e+00 2.798539848376785599e+00 4.239457756190703752e-02 3.768578598163196958e+00
2.200000000000000000e+01 1.536899829988913169e+00 2.773193307898508930e+00 4.963299143999005264e-02 3.842613109949771122e+00
2.300000000000000000e+01 1.806226625558244647e+00 3.229677050599850663e+00 1.322060591754465469e-02 4.425539825905092428e+00
2.400000000000000000e+01 1.821410852546354375e+00 3.295165427055001928e+00 1.528568990578157809e-02 4.541558435355629975e+00
2.500000000000000000e+01 2.214695304602407155e+00 3.842099147725800190e+00 4.712815851706556036e-02 5.173366692641351072e+00
2.600000000000000000e+01 1.851958201715964814e+00 3.515490976530509570e+00 3.554790504969120024e-02 4.969685527209799503e+00
2.700000000000000000e+01 2.138019139065610030e+00 4.006806528841296178e+00 5.849213060139236975e-02 5.615285021219095007e+00
2.800000000000000000e+01 2.273502168609530916e+00 4.140779888227184458e+00 3.083287228378943021e-02 5.733494138545884411e+00
2.900000000000000000e+01 2.526878975763798163e+00 4.657214715623203105e+00 3.140914985439037521e-02 6.466908426986077707e+00
3.000000000000000000e+01 2.564772346173938011e+00 4.770194935641759670e+00 2.744824849114669077e-02 6.652954849341414345e+00
3.100000000000000000e+01 2.304597808883086962e+00 4.405708564372636360e+00 1.056527542378586648e-01 6.279142886192537354e+00
3.200000000000000000e+01 2.834264451844854094e+00 5.261874561797831085e+00 2.380017353841135455e-02 7.331771010863327831e+00
3.300000000000000000e+01 3.327000856331771228e+00 5.949361190430390245e+00 5.402373385793358962e-02 8.135122514367605362e+00
3.400000000000000000e+01 3.289430652777039388e+00 6.012652196132639126e+00 3.112661998927288010e-02 8.301204523551801273e+00
3.500000000000000000e+01 3.343498927262144704e+00 6.233520219624575809e+00 3.638952071668575400e-02 8.686258614580474102e+00
3.600000000000000000e+01 3.530951801749198093e+00 6.474484055884023093e+00 1.966072853140762855e-02 8.961234627691652577e+00
3.700000000000000000e+01 3.898345999594089228e+00 6.944283692302404276e+00 6.055380235576626052e-02 9.458922919477537050e+00
3.800000000000000000e+01 3.884468798971151049e+00 7.069922654429062980e+00 3.005475553035066166e-02 9.750698451375832576e+00
3.900000000000000000e+01 3.874430693216409427e+00 7.133177613026393082e+00 2.973054207666507923e-02 9.885460019505439178e+00
4.000000000000000000e+01 3.983855622880158709e+00 7.387085205621138684e+00 4.185068608731452172e-02 1.028694023891770826e+01
4.100000000000000000e+01 4.684404653293088749e+00 8.429344894067138938e+00 3.702581305573836301e-02 1.153560930855854316e+01
4.200000000000000000e+01 4.562394825105861251e+00 8.450019376557621698e+00 2.246563913459372758e-02 1.174395622255307181e+01
4.300000000000000000e+01 4.453350675075288478e+00 8.419641085379396372e+00 4.305803209044371110e-02 1.183007738323420810e+01
4.400000000000000000e+01 5.036049051937133036e+00 9.407002646245514299e+00 4.565899259092121715e-02 1.310508937081121950e+01
4.500000000000000000e+01 5.183428926385372115e+00 9.610762244859403225e+00 5.450916329535143018e-02 1.335666721583392125e+01
4.600000000000000000e+01 5.626721823165751424e+00 1.048948265812036240e+01 3.284516372548364205e-02 1.458813093033975861e+01
4.700000000000000000e+01 6.040286309251665209e+00 1.099872828256603441e+01 1.664621051492331735e-02 1.512628483393727841e+01
4.800000000000000000e+01 5.717860786688739871e+00 1.072228484088058487e+01 5.945547457675571384e-02 1.499422087513432800e+01
4.900000000000000000e+01 6.034685039220119229e+00 1.114976624151938900e+01 3.674611993772967933e-02 1.545661188523020968e+01
5.000000000000000000e+01 6.511671543008226593e+00 1.189055564361747663e+01 1.433309396237193029e-02 1.636900408492709857e+01
5.100000000000000000e+01 6.727869036493284938e+00 1.238636578743673411e+01 4.882736420782726044e-02 1.713713761032590810e+01
5.200000000000000000e+01 7.000620723551239877e+00 1.281355675116348358e+01 8.781489011569530712e-02 1.766705998191865490e+01
5.300000000000000000e+01 6.951093554428422472e+00 1.268351510605920396e+01 5.178240869912133920e-02 1.748909332139775330e+01
5.400000000000000000e+01 7.098328308182133561e+00 1.339384463021129612e+01 6.140889144706528080e-02 1.875466085303880703e+01
5.500000000000000000e+01 7.486371713339368128e+00 1.390711921071598134e+01 5.871605087988727989e-02 1.931845424251770638e+01
5.600000000000000000e+01 7.254514146996945634e+00 1.365091264953721328e+01 4.190105614991568306e-02 1.907827123986789886e+01
5.700000000000000000e+01 7.901106582998156824e+00 1.456722777511135902e+01 2.397431101707482234e-02 2.016545149016845784e+01
5.800000000000000000e+01 8.335636768123777074e+00 1.538137348020834416e+01 2.664297122252396594e-02 2.128170914662609903e+01
5.900000000000000000e+01 8.510496856161976709e+00 1.579894504409926625e+01 1.996369658740116543e-02 2.193361926085678348e+01
6.000000000000000000e+01 9.739440332724992544e+00 1.770347920112098095e+01 5.412658728745253778e-02 2.427453144452124079e+01
6.100000000000000000e+01 8.902889374257613397e+00 1.670894582428300978e+01 3.059496137463619744e-02 2.329622115244709590e+01
6.200000000000000000e+01 9.443987980409527694e+00 1.738044155398160129e+01 1.476225577598771176e-02 2.401815048266158215e+01
6.300000000000000000e+01 9.558424580162014905e+00 1.777242396435940819e+01 3.115229586705377252e-02 2.468699013986695334e+01
6.400000000000000000e+01 9.511906087545863642e+00 1.792335544540046399e+01 2.782819501014078753e-02 2.504063465067833150e+01
6.500000000000000000e+01 1.033856112218806445e+01 1.931004193553757986e+01 6.155300345783947663e-02 2.686013839789967861e+01
6.600000000000000000e+01 1.015774721755563803e+01 1.905776090728583938e+01 3.775668221061302676e-02 2.659557821046609760e+01
6.700000000000000000e+01 1.038922862732500541e+01 1.947722718013327992e+01 3.185903065802794115e-02 2.717478478440861878e+01
6.800000000000000000e+01 1.088634208222451960e+01 2.039419120549548481e+01 2.583736117891348091e-02 2.841238462360599115e+01
6.900000000000000000e+01 1.164362769680134946e+01 2.146258045841575068e+01 3.772455624673602681e-02 2.965560864415759212e+01
7.000000000000000000e+01 1.128044749822084825e+01 2.119211795698313239e+01 1.808427546326098895e-02 2.956124948768241012e+01
7.100000000000000000e+01 1.189399756908385086e+01 2.227390169313513013e+01 2.888684505866919230e-02 3.099522376329554874e+01
7.200000000000000000e+01 1.208519853266911603e+01 2.243070615166493909e+01 3.034751528417900177e-02 3.113108302531530569e+01
7.300000000000000000e+01 1.265979089945635749e+01 2.359770836221082391e+01 1.630856777930178927e-02 3.278407503209759710e+01
7.400000000000000000e+01 1.223630062439691812e+01 2.329353433254340544e+01 4.843777818726924950e-02 3.270032100403722808e+01
7.500000000000000000e+01 1.320248925509686266e+01 2.446786095538799799e+01 2.167288969427262624e-02 3.390908639657509127e+01
7.600000000000000000e+01 1.348564436096151020e+01 2.516021913635468721e+01 3.296802124109785709e-02 3.495605695577813066e+01
7.700000000000000000e+01 1.337131929073519920e+01 2.557906614979892623e+01 7.846334812096641964e-02 3.601175028455071470e+01
7.800000000000000000e+01 1.399805102475380991e+01 2.604680555743298243e+01 2.154668428065644598e-02 3.615565834579424376e+01
7.900000000000000000e+01 1.436748500580812404e+01 2.694329090445085129e+01 3.102184084637425038e-02 3.753750914042272768e+01
8.000000000000000000e+01 1.508135025688882180e+01 2.791263317808145672e+01 2.312778143820835158e-02 3.861991439819531990e+01
8.100000000000000000e+01 1.474485546177584183e+01 2.779924345315316714e+01 4.059710158024784632e-02 3.885789110890274856e+01
8.200000000000000000e+01 1.527460961256701388e+01 2.867769517167016602e+01 5.379564819671774772e-02 3.998590209082485813e+01
8.300000000000000000e+01 1.628024797639057653e+01 3.009875280702153333e+01 4.508862846509801431e-02 4.166099341035786807e+01
8.400000000000000000e+01 1.687412421525709405e+01 3.111440211536291400e+01 4.477821073726822448e-02 4.296063488677521036e+01
8.500000000000000000e+01 1.662835087272625145e+01 3.105810991910220409e+01 3.551546168969133693e-02 4.316024407224909254e+01
8.600000000000000000e+01 1.812383330711912066e+01 3.328065613582261051e+01 6.132545099268515293e-02 4.583037065726766457e+01
8.700000000000000000e+01 1.761010357353126921e+01 3.292297268474167993e+01 4.413206970165654830e-02 4.576643569881478157e+01
8.800000000000000000e+01 1.722099659637629543e+01 3.256084091925641388e+01 5.847484143014371888e-02 4.553259183058354154e+01
8.900000000000000000e+01 1.825874450192888432e+01 3.408358348753858280e+01 2.626983739093446957e-02 4.737230435285021457e+01
9.000000000000000000e+01 1.889940707894215066e+01 3.514359890353500759e+01 4.527638682828489386e-02 4.869145829845517426e+01
9.100000000000000000e+01 1.917627469934578244e+01 3.568677814743132615e+01 2.061902584589616477e-02 4.950407444226809872e+01
9.200000000000000000e+01 1.924818314203362846e+01 3.610041547656891225e+01 2.683761855653843398e-02 5.026158483857764026e+01
9.300000000000000000e+01 1.951629989633720186e+01 3.639117470803004295e+01 4.654810198479886890e-02 5.054459275721306000e+01
9.400000000000000000e+01 1.997953480749920629e+01 3.764331013260601111e+01 3.053437185251948668e-02 5.254505397721999316e+01
9.500000000000000000e+01 2.056964945957440349e+01 3.846112360310809919e+01 2.482134865636346707e-02 5.346384946998087884e+01
9.600000000000000000e+01 2.190564933134412229e+01 4.066099281615789351e+01 4.854538951572041905e-02 5.626626214171057683e+01
9.700000000000000000e+01 2.098632481235015135e+01 3.981833762365956630e+01 4.210882262416239946e-02 5.574061267682779430e+01
9.800000000000000000e+01 2.211722465457056686e+01 4.122474418317943190e+01 1.454373017738800657e-02 5.720544394119129805e+01
9.900000000000000000e+01 2.242022587142800560e+01 4.188538307045401154e+01 4.781067549852350412e-02 5.820643418460671370e+01
